0.03502
0.03976
0.0434
0.0593
0.07062
0.07208
0.0736
0.07592
0.08688
0.08796
0.09168
0.0969
0.11106
0.11038
0.11884
0.12404
0.13886
0.1427
0.15708
0.16694
0.18648
0.1955
0.2087
0.22848
0.2472
0.25698
0.27734
0.3137
0.319
0.32576
0.34652
0.36694
0.41282
0.4288
0.44234
0.4601
0.47554
0.49788
0.52584
0.54986
0.57618
0.60146
0.62864
0.68624
0.66786
0.69316
0.72926
0.75174
0.80176
0.83388
0.86364
0.88914
0.92026
0.9555
0.99856
1.03234
1.06878
1.10742
1.15288
1.22816
1.32254
1.2645
1.30188
1.34178
1.38286
1.41476
1.50918
1.54334
1.6489
1.6263
1.62804
1.66032
1.7324
1.7464
1.86584
1.83126
1.8816
2.05062
2.0253
2.03136
2.0774
2.13766
2.1814
2.23198
2.2838
2.33778
2.39048
2.4354
2.50996
2.5469
2.61274
2.65752
2.72086
2.76588
2.84148
2.87488
2.94002
2.99116
3.05716
3.1011
3.16616
3.2205
3.3246
3.35976
3.41248
3.46744
3.59904
3.63334
3.65824
3.7336
3.83752
3.87892
3.92592
3.99504
4.08852
4.11348
4.18862
4.3489
4.38982
4.54746
4.4916
4.61318
4.60462
4.6907
4.73944
4.93604
4.90552
5.0124
5.0422
5.1097
5.17488
5.28536
5.31748
5.38672
5.4683
5.55512
5.614
5.71374
5.79952
5.8734
5.93608
6.0069
6.12078
6.19562
6.29874
6.5948
6.42686
6.53152
6.60084
6.68908
6.7719
6.91464
6.96802
7.1557
7.15568
7.2808
7.34094
7.45138
7.52106
7.57082
7.65156
7.78272
7.89672
7.92546
8.0101
8.13236
8.34638
8.27886
8.59206
8.5009
8.63418
8.6938
8.8502
8.95508
9.0578
9.09974
9.2649
9.2848
9.35846
9.43246
9.5648
9.71926
9.76192
9.89234
9.97706
10.0416
10.2755
10.4325
10.604
10.6285
10.8042
10.7769
10.9661
10.9125
11.0746
11.1969
11.3748
11.5523
11.5476
11.6024
11.8197
11.8555
12.2153
12.0518
12.228
12.3272
12.5063
12.4928
12.7119
12.9795
12.937
13.2825
13.2035
13.2641
13.4559
13.5237
13.6512
13.8045
13.9415
14.1057
14.1642
14.2184
14.4644
14.527
14.6055
14.7728
14.813
15.0279
15.1325
15.1957
15.3681
15.6507
15.583
15.7037
16.0277
16.6114
16.1413
16.2557
16.5238
16.6008
16.6864
16.9755
16.999
17.1098
17.2152
17.3349
17.6597
17.6917
17.8977
17.9118
18.1917
18.2613
18.3635
18.5618
18.7524
18.9939
18.9924
19.0638
19.2099
19.3932
19.4804
19.6032
19.8194
19.9781
20.0775
20.2213
20.3347
20.4284
20.6299
20.7419
20.934
21.209
21.2512
21.3718
21.5884
21.6512
21.7903
22.1226
22.4256
22.3895
22.6246
22.7288
22.8643
22.8627
22.9975
23.1818
23.4781
23.8301
23.6126
23.8703
23.9918
24.743
24.4308
24.5144
24.6777
25.017
25.2514
25.274
25.3906
25.5689
25.615
26.1796
26.1858
26.1045
26.546
26.438
26.6103
27.0193
27.057
27.1316
27.6638
27.6445
27.8752
28.0616
28.3951
28.2072
28.4302
28.5934
28.767
28.9804
29.0558
29.3015
29.6397
29.8561
29.7447
29.953
30.1615
30.3934
30.6323
30.8046
30.9125
31.1336
31.3141
31.7735
31.6657
31.9204
31.935
32.5915
32.3677
32.4797
32.799
32.7519
32.9936
33.3631
33.581
33.8276
33.9445
34.0305
34.3381
34.2499
35.0557
34.8403
34.9126
35.2604
35.408
35.4685
35.6608
35.8421
36.2771
36.4423
36.5192
36.7613
37.003
37.0244
37.1579
37.3725
37.5172
37.8316
38.1736
38.9914
38.6277
38.8524
39.1063
39.2759
39.5947
39.5235
40.1876
40.3976
40.745
40.4814
40.8964
40.9813
41.1402
41.8048
41.5987
41.8629
42.1888
42.2124
42.237
43.338
43.0621
43.0574
42.9771
43.607
43.83
43.9116
44.1258
44.7936
44.607
45.4531
