0.0478
0.09374
0.07798
0.09582
0.12394
0.15038
0.18044
0.20884
0.2395
0.27162
0.30054
0.33364
0.35902
0.39444
0.42664
0.45716
0.48862
0.51506
0.55012
0.58174
0.61836
0.64812
0.68314
0.70866
0.76112
0.77618
0.81042
0.83496
0.87388
0.90642
0.9866
0.97092
1.01368
1.0469
1.07388
1.09928
1.13872
1.17048
1.2091
1.24802
1.26968
1.3057
1.35784
1.37892
1.40886
1.44338
1.53654
1.51484
1.57352
1.58966
1.66052
1.65756
1.6902
1.72094
1.75802
1.7974
1.83478
1.86362
1.91426
1.9849
1.97388
2.0162
2.10008
2.08556
2.12068
2.15424
2.20362
2.21996
2.25952
2.31572
2.34532
2.36754
2.41718
2.4604
2.48538
2.51244
2.58888
2.58382
2.62706
2.67036
2.68922
2.72964
2.79342
2.8119
2.84158
2.8764
2.91366
2.96244
3.05376
3.02814
3.10286
3.1141
3.14272
3.2299
3.23142
3.34788
3.3256
3.35994
3.38918
3.39898
3.45642
3.48882
3.52126
3.55206
3.62742
3.75428
3.6872
3.70582
3.73086
3.8025
3.82418
3.89956
3.88352
3.96306
3.99864
4.00426
4.08468
4.10478
4.14494
4.27836
4.17824
4.29606
4.255
4.29154
4.31986
4.37858
4.42814
4.47538
4.49146
4.53846
4.58752
4.59598
4.65452
4.68598
4.72788
4.76126
4.86568
4.8401
4.9101
4.92552
4.97062
5.14938
5.05952
5.15418
5.14356
5.188
5.21584
5.35224
5.27458
5.34748
5.3876
5.38142
5.46922
5.4583
5.52372
5.54628
5.5952
5.6946
5.67164
5.71184
5.76028
5.7922
5.89542
5.86698
5.9319
6.5733
6.0135
6.01824
6.07302
6.1144
6.23062
6.19474
6.27274
6.33452
6.49036
6.47414
6.3838
6.48812
6.53428
6.54066
6.60238
6.66448
6.67876
6.6688
6.72364
6.96658
6.77036
6.90678
6.83662
6.89742
7.12482
7.01768
7.02812
7.0424
7.15618
7.28368
7.19166
7.22454
7.25638
7.34682
7.3512
7.39378
7.42778
7.68254
7.5321
7.58516
7.6015
7.88124
7.7299
7.7263
7.7548
7.90192
7.8587
7.87158
7.92198
8.03474
8.01914
8.3734
8.17928
8.29496
8.20166
8.34404
8.2799
8.3413
8.3506
8.41224
8.42762
8.47216
8.47466
8.54228
8.69948
9.23992
8.73426
8.69338
8.76102
8.79138
8.80534
8.92442
8.9402
8.99638
9.0717
9.1654
9.07036
9.07532
9.17584
9.25384
9.2391
9.25462
9.34698
9.36016
9.37966
10.0026
9.49196
9.65812
9.57596
9.57938
9.8255
9.76734
9.74014
9.94898
9.7922
9.95386
9.976
9.95514
9.96536
10.2206
10.0777
10.1115
10.182
10.2319
10.206
10.4078
10.334
10.3165
10.8462
10.4366
10.6273
10.5272
10.5679
10.603
10.8058
10.7018
10.7414
10.8938
10.8174
10.8972
10.9279
11.1782
11.173
11.0879
11.1322
11.1556
11.2229
11.2499
11.3474
11.283
11.3394
11.4178
11.4045
11.4515
11.4993
11.5255
11.6433
11.6566
11.6944
11.9246
11.7425
11.818
12.4073
11.9832
11.9601
11.9625
12.1315
12.0179
12.0475
12.2443
12.2012
12.2311
12.3292
12.2347
12.2848
12.4102
12.4601
12.4481
12.5203
12.5937
12.61
12.6701
12.7757
12.7352
12.901
12.8196
12.8829
12.9368
12.9913
12.9571
12.9986
13.1037
13.0724
13.2862
13.2318
13.2257
13.3595
13.426
13.3928
13.4749
13.5491
13.5525
13.6035
13.6261
13.7115
13.7107
13.8367
13.7658
13.8483
14.0741
13.9052
13.9424
13.9963
14.0641
14.0144
14.3787
14.2459
14.1863
14.2185
14.3211
14.3108
14.3632
14.4129
14.5669
14.5238
14.6968
14.6614
14.6535
14.7762
14.7699
14.7588
14.8821
14.9702
14.8842
15.037
15.1306
14.9765
15.076
15.1415
15.1485
15.3758
15.2584
15.3211
15.3285
15.4614
15.5002
15.4062
15.4632
15.7516
15.6692
16.2295
15.8174
15.7467
15.7971
